5 4
2.7
29.360 2.052 2.071 16.716
5.087 7.328 19.946 4.445
28.914 25.970 18.597 5.798
15.541 10.791 3.911 8.632
6.948 9.192 7.835 1.408
10.243 1.189 0.915 3.618
11.365 7.813 0.320 2.162
10.886 6.108 6.274 1.555
0.711 3.158 10.091 14.468
23.124 0.185 7.146 8.418
10.555 12.166 8.536 13.417
7.830 0.053 7.100 13.899
1.533 1.354 9.684 34.967
2.180 10.284 12.284 2.924
1.816 10.738 7.390 16.593
7.869 9.311 4.488 0.379
2.940 3.215 10.678 2.683
12.582 2.238 12.229 5.422
4.941 1.985 23.126 2.323
5.698 13.042 12.421 0.999
1.007 4.150 13.714 4.657
14.578 1.456 1.315 7.459
6.406 14.278 8.187 4.066
0.319 2.372 8.598 13.416
3.805 1.909 2.226 0.628
0.723 6.225 2.313 19.227
5.481 24.429 3.436 10.385
1.011 15.062 8.454 4.382
7.790 1.934 6.816 1.824
15.279 6.064 8.286 8.567
2.802 3.823 9.351 0.147
0.859 15.762 3.781 9.853
8.450 5.623 3.360 7.883
17.483 3.734 0.954 13.872
2.017 13.042 16.118 0.560
7.586 5.594 6.952 0.391
6.862 6.983 6.314 2.157
12.052 11.185 11.730 6.530
22.354 10.411 3.802 4.323
23.463 4.447 13.992 14.769
15.174 0.164 6.035 5.932
1.222 6.899 13.534 6.987
8.521 6.355 11.392 11.714
5.068 13.263 7.522 9.012
2.255 9.427 16.257 4.193
3.247 14.022 7.254 3.975
5.671 4.118 14.318 6.131
7.934 3.083 12.526 7.020
14.749 9.558 3.836 0.089
12.776 0.333 14.979 7.370
0.194 9.292 26.941 3.940
3.082 1.093 8.654 1.573
3.298 4.753 8.572 2.605
12.850 11.215 8.674 3.781
13.234 34.658 17.368 8.215
2.693 8.932 12.074 3.229
3.411 25.424 7.105 27.954
17.402 10.054 0.569 10.358
12.085 13.892 6.253 8.723
15.570 1.327 1.466 3.498
11.820 3.952 4.720 5.033
10.623 10.279 2.321 4.159
1.646 4.794 1.872 3.559
3.315 9.084 0.868 11.020
1.652 3.804 14.645 20.474
6.436 1.118 1.296 2.489
5.387 6.190 2.487 9.911
0.669 8.380 2.598 0.549
29.060 4.555 0.228 0.279
15.298 16.436 3.859 8.017
5.302 16.931 4.063 2.584
1.209 2.248 15.856 6.384
6.800 10.420 2.189 2.460
16.494 16.759 4.575 4.686
16.975 7.996 4.445 18.475
4.244 1.444 4.265 9.247
11.200 10.817 16.740 9.360
4.335 0.467 5.156 4.436
9.228 1.925 13.728 1.275
7.783 0.705 17.507 19.196
13.541 1.589 4.773 10.086
5.256 6.461 0.604 3.448
9.872 5.614 9.724 2.906
2.075 8.761 4.535 3.175
17.450 1.843 12.755 4.416
0.809 9.349 0.952 3.634
13.865 1.933 16.242 4.350
10.277 8.983 13.079 6.850
5.890 4.810 0.742 4.685
3.388 6.536 8.820 7.645
9.461 9.836 16.390 14.894
8.351 14.226 4.999 4.655
2.216 3.763 11.490 1.924
13.183 12.106 8.030 1.650
15.276 4.195 2.589 2.367
10.830 19.320 7.317 3.362
18.147 1.482 10.881 14.270
17.979 13.775 1.704 15.317
7.928 2.739 14.348 8.830
1.376 7.334 17.235 0.127
3.922 17.528 4.846 9.277
2.049 1.403 3.586 17.642
8.362 15.943 0.696 10.823
8.096 2.523 14.752 10.981
4.394 0.160 10.387 3.440
2.653 3.061 9.840 18.464
9.494 0.805 3.868 4.624
10.836 8.960 1.891 22.977
0.686 4.130 2.486 4.141
9.597 18.076 4.990 11.539
14.344 15.509 11.760 3.245
4.823 11.417 6.694 1.010
9.376 17.152 6.696 11.662
14.156 4.380 2.338 10.439
2.517 6.901 7.338 9.272
7.343 4.919 10.415 8.241
8.676 12.052 9.583 6.238
5.581 2.209 0.296 4.213
4.730 15.498 6.846 6.141
11.411 3.512 16.135 19.674
5.031 18.773 6.079 3.748
10.420 11.017 1.514 6.721
15.114 14.074 20.104 1.317
5.540 10.741 3.543 1.182
9.255 12.219 4.425 14.478
4.127 7.422 1.168 7.326
12.187 0.153 13.043 15.351
7.138 9.183 16.912 3.515
12.416 9.586 6.293 8.032
7.029 2.163 14.849 8.384
9.554 12.919 2.127 7.311
2.069 5.431 2.995 4.310
1.168 0.625 9.816 5.832
1.136 5.736 4.852 2.142
7.153 4.224 0.193 6.325
7.796 19.718 6.864 7.736
0.422 0.461 18.491 4.365
3.191 8.890 6.832 15.501
10.220 9.947 4.816 4.608
7.113 7.310 1.817 8.617
16.570 22.716 3.135 2.393
2.223 2.805 24.575 10.129
0.810 4.942 0.475 16.326
5.525 19.626 1.337 15.539
6.709 9.967 19.918 1.094
6.710 1.543 14.206 12.226
11.133 8.357 10.193 11.259
0.951 2.414 8.302 4.225
3.180 8.066 0.464 9.623
20.945 9.362 11.217 8.139
11.543 13.384 9.775 8.727
18.066 15.503 6.071 5.454
6.055 4.678 14.527 2.382
1.900 8.229 6.126 9.977
2.153 13.615 3.089 5.987
20.990 10.254 10.800 12.365
8.125 4.202 11.253 0.467
8.461 2.903 16.566 11.612
1.736 3.510 20.605 11.911
3.681 1.347 8.592 3.765
20.918 7.616 8.046 14.693
22.346 10.446 13.566 4.122
14.271 8.043 9.827 11.070
4.770 0.162 7.481 7.591
2.937 3.399 7.499 10.439
0.550 2.508 1.558 18.039
14.617 15.229 5.167 0.016
5.920 1.063 4.315 10.855
5.877 21.831 16.159 11.960
5.592 1.125 5.011 2.409
12.681 3.120 6.628 6.452
12.909 2.481 7.425 9.636
0.920 23.280 18.331 4.121
1.797 13.652 0.765 13.206
5.659 10.305 10.236 3.618
6.195 9.229 11.583 8.918
2.749 8.523 5.096 0.061
0.509 4.719 4.935 2.505
8.020 6.267 1.334 15.170
5.789 0.778 4.550 2.061
1.949 9.043 3.140 0.676
14.816 7.540 10.119 17.063
1.343 3.605 11.479 14.955
11.281 3.101 6.830 5.214
2.767 10.161 1.369 17.462
4.245 9.075 2.335 4.746
4.869 9.881 1.543 1.616
6.581 9.702 7.690 1.101
13.063 0.970 6.414 9.506
21.988 25.202 13.165 7.815
1.984 3.658 4.492 17.428
5.662 7.645 17.721 13.766
8.448 10.063 4.083 17.927
13.752 17.960 16.450 19.666
4.526 5.196 6.271 8.486
2.179 3.029 6.009 8.230
1.924 9.790 30.045 1.626
6.491 2.266 8.402 6.188
13.186 11.033 16.533 3.510
8.979 9.218 32.066 5.452
5.364 1.004 14.841 4.215
19.979 3.653 12.409 15.707
12.581 6.733 24.984 1.251
17.982 14.348 1.009 11.600
9.859 10.415 5.072 4.254
7.888 12.247 3.186 4.471
4.068 13.914 1.045 0.536
0.250 12.347 11.297 2.148
12.846 10.363 0.803 5.129
8.806 5.668 30.166 5.708
11.878 4.257 13.021 10.665
18.542 9.601 3.700 15.778
9.374 4.557 8.137 1.934
16.271 10.796 4.764 4.269
23.372 6.456 4.083 4.208
9.801 6.041 3.076 1.460
9.314 8.435 11.972 15.042
21.139 31.431 10.160 2.767
0.483 3.085 13.202 1.653
0.627 9.320 5.044 0.258
14.795 16.660 9.538 0.223
4.124 8.863 32.523 6.951
9.733 3.057 5.240 15.716
3.420 28.939 5.338 8.286
6.850 5.972 0.825 5.911
7.352 0.167 4.446 1.543
23.413 15.273 8.744 12.302
0.291 3.405 5.566 20.418
14.382 5.331 10.552 5.668
10.344 8.059 6.944 3.964
11.801 7.936 0.290 6.013
27.028 0.402 25.489 7.469
5.157 9.479 4.623 13.098
3.818 0.095 13.478 15.472
6.501 10.746 13.974 8.731
4.732 16.551 15.595 4.303
14.950 7.918 5.047 0.127
11.874 5.623 0.165 9.085
16.374 1.431 2.706 3.907
11.687 26.994 12.389 9.233
1.316 5.343 10.046 0.400
15.613 3.500 4.841 0.467
3.591 10.870 8.151 8.790
10.532 4.865 5.528 16.965
6.008 16.756 12.902 3.089
7.376 2.864 0.937 0.834
4.706 6.082 5.220 3.631
19.101 8.015 9.129 4.145
2.009 7.095 8.027 2.744
3.495 6.055 3.944 1.067
3.020 18.269 1.713 2.666
7.626 14.685 7.466 9.168
8.975 18.761 16.422 8.708
18.916 10.153 5.061 9.334
15.056 1.258 1.839 3.856
0.971 9.944 16.577 5.498
0.999 5.462 12.298 6.525
2.356 10.683 14.106 19.735
6.041 7.307 7.556 1.590
7.423 0.631 7.618 20.254
0.036 1.766 12.190 2.153
3.569 0.681 8.454 16.675
6.148 3.999 3.670 2.789
4.156 8.565 3.360 19.264
0.245 20.542 5.984 0.781
14.895 4.784 3.501 12.164
5.837 0.494 0.182 7.098
4.990 0.137 10.064 1.607
4.621 4.050 1.008 13.391
0.036 9.899 10.762 6.299
5.656 2.287 13.523 3.546
3.688 19.924 4.460 2.430
4.974 2.601 13.174 1.324
1.666 18.848 6.938 8.744
6.991 5.304 3.716 0.244
0.878 10.739 8.873 11.930
0.492 20.199 24.819 5.561
2.794 11.841 6.725 2.732
11.734 2.524 2.564 4.616
9.100 4.640 11.383 12.184
0.127 5.014 7.503 4.737
13.114 2.167 2.562 7.579
10.653 9.962 5.565 9.688
11.747 8.548 10.455 0.966
2.690 15.813 0.869 4.852
4.836 13.872 10.206 12.406
2.601 16.191 9.997 11.566
5.642 7.625 13.675 2.607
18.799 6.054 0.785 15.375
7.033 15.608 17.361 4.292
11.577 3.167 12.589 2.175
9.365 9.170 4.409 14.467
1.540 2.219 6.359 5.042
7.889 5.409 4.708 0.815
6.358 14.425 20.035 10.782
2.096 5.146 23.978 10.001
4.491 1.043 8.320 5.180
10.663 22.609 5.124 5.142
4.892 2.059 8.808 10.092
14.574 4.944 21.710 1.722
8.192 6.606 10.247 5.844
3.053 0.540 7.231 16.149
4.435 2.954 6.502 4.734
5.176 22.996 4.068 10.397
6.933 7.105 1.426 4.536
16.068 6.708 1.473 6.718
5.149 4.931 9.210 5.155
4.911 12.852 4.643 15.494
15.577 2.480 2.968 10.458
5.397 10.170 12.983 25.127
9.410 5.124 2.865 3.700
19.983 9.368 8.125 1.091
8.951 10.871 3.976 22.291
12.739 8.101 8.618 2.001
21.535 3.906 6.495 14.214
1.313 12.248 13.641 8.813
10.824 1.982 7.410 24.541
9.012 10.310 6.415 4.716
9.379 6.279 6.081 11.443
8.480 6.009 27.269 12.329
18.849 7.626 17.095 6.823
7.386 8.984 15.713 0.870
12.116 2.034 10.872 11.237
16.945 12.207 11.177 15.010
4.554 0.681 3.051 18.403
9.473 9.753 1.490 16.247
15.252 16.246 11.039 0.084
10.728 15.518 12.971 3.891
1.690 13.848 6.836 3.509
4.977 5.182 5.834 15.329
9.009 19.646 10.224 3.980
12.079 0.050 2.874 2.498
11.189 16.861 1.553 12.009
1.331 8.783 1.446 14.523
16.991 18.376 11.843 5.359
2.361 12.261 9.984 10.592
2.588 11.293 16.055 2.588
1.129 7.404 5.175 1.498
3.859 1.680 5.083 7.353
7.270 2.111 10.385 0.587
4.417 3.585 5.954 5.110
5.906 3.611 14.401 0.546
8.491 11.286 2.072 9.217
13.584 11.416 4.359 7.549
12.077 18.647 8.788 1.707
4.786 6.458 0.530 6.879
9.117 4.726 13.773 4.753
9.748 12.724 10.832 8.506
4.900 18.257 3.933 9.337
20.326 9.293 8.589 0.816
3.602 5.365 8.095 2.876
3.321 2.774 31.143 9.789
5.954 6.250 4.450 6.551
9.619 7.627 2.748 5.739
40.031 4.904 12.696 3.785
9.215 3.923 12.012 2.694
2.687 7.078 23.289 1.238
14.885 2.108 4.529 0.096
1.267 0.851 9.720 5.931
5.016 12.158 12.956 10.914
16.550 6.049 15.528 10.770
6.211 1.734 8.228 1.233
1.348 8.551 30.365 7.157
0.853 11.113 9.413 1.245
6.898 4.728 17.140 6.509
15.884 4.419 7.868 13.052
23.966 21.684 9.909 0.954
9.113 8.393 17.015 4.441
1.780 26.010 3.356 16.008
18.599 12.171 16.473 9.213
6.232 5.202 6.066 6.766
14.102 7.743 23.519 13.670
0.481 15.174 1.527 0.102
2.578 5.418 0.996 9.538
8.177 4.128 19.993 1.175
9.703 7.771 19.743 6.873
9.986 1.308 0.787 13.501
9.028 29.854 6.101 6.664
3.507 8.045 17.964 9.957
2.818 1.747 1.784 13.428
6.160 13.702 1.699 1.595
5.849 15.351 6.480 1.301
16.185 15.865 10.819 20.045
7.786 13.154 1.248 11.124
8.955 13.163 9.394 11.498
0.442 3.781 5.623 3.850
6.676 2.068 9.854 10.751
0.305 0.472 2.725 9.014
5.383 21.029 7.622 0.281
7.788 6.405 0.959 10.915
23.255 7.663 7.588 5.541
10.784 10.407 8.156 6.476
9.269 13.408 4.076 10.358
2.446 2.814 9.471 9.891
1.775 7.523 8.305 1.057
0.399 2.759 1.785 4.571
12.521 21.821 8.867 5.739
0.095 5.562 6.386 5.545
0.379 9.284 10.566 14.038
2.248 6.684 6.795 1.687
6.998 3.607 1.091 13.281
7.722 18.492 10.567 3.786
2.161 13.408 5.214 9.489
6.136 15.097 5.379 11.108
6.426 2.569 7.421 0.436
9.307 20.955 1.536 2.081
5.064 1.755 8.591 11.227
12.505 4.423 28.482 9.775
4.130 6.111 0.246 0.200
8.026 10.443 3.444 9.918
5.438 0.397 8.491 5.225
18.220 9.723 1.398 18.055
14.614 7.586 1.433 14.486
12.838 12.337 5.770 5.745
2.253 6.591 11.591 1.184
4.362 1.718 4.778 3.815
4.823 8.472 17.941 6.028
3.536 11.301 3.528 3.821
5.442 4.167 4.543 0.148
13.316 14.484 4.532 7.801
1.448 1.961 3.234 16.267
11.371 18.962 6.416 11.244
8.078 20.933 12.587 12.834
7.594 3.721 3.773 8.544
12.933 0.476 0.968 8.460
4.011 3.672 2.824 10.063
6.073 7.295 2.465 0.340
4.692 1.478 4.143 11.295
17.443 11.654 33.208 16.573
0.098 13.113 6.778 5.979
13.908 17.789 23.937 1.868
4.124 4.046 3.019 7.784
11.061 9.864 2.765 3.267
6.597 7.516 3.217 9.063
10.016 4.184 3.549 6.022
4.027 2.727 2.251 1.758
14.225 8.123 8.412 11.164
5.302 7.205 20.240 1.962
2.201 8.498 2.894 3.929
11.445 4.525 12.466 0.817
1.588 12.722 7.771 6.808
12.317 31.832 2.905 8.261
8.641 0.566 12.604 0.765
5.363 22.629 2.972 5.909
1.014 8.179 20.893 1.343
1.692 10.361 6.437 1.644
11.200 8.184 18.830 5.376
7.579 14.663 14.432 5.655
1.041 3.393 4.682 2.800
8.878 8.558 8.342 25.104
2.516 18.548 7.593 9.810
13.251 13.896 7.728 3.267
7.816 12.634 3.957 11.484
14.320 6.783 9.283 2.580
1.880 0.766 0.876 0.208
0.992 7.748 7.771 15.987
0.468 11.423 7.915 8.947
5.321 16.896 19.152 7.315
1.184 0.802 11.774 19.351
5.044 6.237 4.454 4.948
16.760 7.700 9.818 15.572
8.098 1.073 2.664 6.188
6.813 20.774 6.358 7.551
1.213 0.578 7.318 12.282
5.475 1.677 15.022 0.953
20.422 9.786 7.263 6.828
16.070 1.443 4.922 1.275
27.349 3.353 8.995 0.830
1.512 0.118 2.089 19.575
9.580 18.316 6.030 8.559
0.818 1.511 11.470 1.480
6.348 6.066 0.397 28.125
18.719 4.279 2.953 7.526
3.237 0.713 11.899 10.525
13.190 5.554 10.338 8.118
8.731 6.982 10.886 2.180
7.034 1.141 1.066 8.213
3.611 0.579 7.142 11.804
16.297 0.941 26.544 5.159
10.704 1.791 4.444 15.342
16.840 1.473 18.372 13.392
0.958 15.839 19.135 7.068
0.147 1.908 14.597 2.681
5.364 9.069 1.235 3.481
2.351 3.608 10.512 7.061
17.197 23.557 14.288 11.826
10.221 0.544 8.179 7.340
6.181 9.477 2.400 9.051
9.768 5.519 14.684 5.536
3.435 15.507 13.091 2.907
6.082 5.680 8.927 6.053
17.409 3.783 6.104 7.221
4.536 10.511 0.609 4.482
3.362 8.806 0.257 9.588
3.081 2.478 4.853 7.597
1.261 16.422 18.163 3.035
23.270 1.078 6.918 19.752
8.215 4.490 5.096 3.944
11.768 14.734 2.151 1.893
1.945 21.233 1.776 7.588
13.148 14.943 16.853 9.491
0.312 9.402 3.239 1.826
16.431 26.880 0.984 12.460
14.600 11.813 13.811 10.218
10.014 12.925 3.634 6.574
18.667 13.183 6.215 1.220
11.354 11.172 2.562 4.340
3.814 7.228 3.072 11.193
9.821 10.704 7.664 0.698
12.783 2.795 3.075 8.564
3.514 14.385 6.079 4.022
13.282 12.980 2.905 13.661
16.302 10.299 20.713 2.004
5.854 6.456 1.039 6.117
10.192 1.320 1.119 8.923
3.009 9.550 9.614 8.016
7.016 2.277 14.580 0.576
10.874 12.621 0.720 6.352
11.454 20.455 2.943 2.045
14.989 8.791 11.093 0.083
1.358 5.360 4.316 7.302
2.862 3.257 11.200 9.666
0.780 2.027 3.590 1.504
6.020 6.604 3.068 9.220
18.164 9.395 6.002 17.745
4.007 12.780 10.697 6.175
13.462 5.459 8.917 11.791
7.738 7.846 6.823 4.561
0.694 9.389 4.540 5.655
5.039 6.840 11.609 11.155
1.144 14.161 6.344 10.470
0.252 3.548 0.844 8.914
5.097 1.037 2.224 9.469
9.238 1.861 12.488 33.084
8.513 10.808 6.750 16.530
16.007 3.422 8.253 28.700
8.442 14.821 8.405 9.089
3.295 7.472 2.668 10.252
6.540 0.136 4.308 10.545
0.213 2.404 17.290 8.009
1.773 9.990 8.399 9.776
6.445 12.438 6.521 1.646
3.014 7.241 8.613 5.760
2.090 5.123 3.306 1.158
1.435 21.429 8.088 3.988
10.208 8.968 5.614 3.767
4.797 7.418 1.191 10.146
0.829 10.109 1.340 30.101
3.803 23.403 2.873 7.221
16.332 7.543 11.016 4.175
5.835 9.431 13.921 4.436
6.315 15.874 7.358 6.213
8.100 1.489 3.568 7.179
9.064 2.664 16.906 4.972
2.502 13.376 17.599 6.062
6.503 3.769 19.413 3.752
9.115 1.631 25.664 0.760
5.417 4.887 12.832 4.155
10.094 3.361 7.896 14.358
12.158 0.543 8.799 16.935
4.703 0.810 17.459 10.334
9.712 21.311 2.458 4.491
8.208 8.337 0.086 0.909
2.750 6.881 2.848 10.953
13.310 7.150 12.597 9.000
9.910 5.430 3.726 12.855
5.762 2.627 14.911 14.236
19.104 2.105 1.328 3.014
4.018 12.285 12.917 18.058
0.202 13.830 17.629 9.643
4.189 4.144 11.952 5.049
1.942 3.318 16.390 4.779
3.782 15.726 13.735 0.800
2.655 2.195 10.701 8.475
8.527 7.444 1.923 0.692
7.201 8.195 14.266 0.855
15.311 6.181 10.909 8.294
12.521 28.201 7.166 1.664
4.261 9.413 15.740 16.192
5.507 4.198 2.268 11.615
8.994 21.961 11.507 7.708
4.287 3.794 21.833 0.264
13.823 6.240 1.759 2.110
1.635 5.725 3.516 0.870
9.956 11.071 9.913 0.194
0.001 8.761 23.459 5.564
14.814 14.872 6.120 10.873
2.894 25.765 7.467 18.265
9.802 7.240 1.586 7.188
8.344 4.459 9.744 7.754
2.929 9.222 3.230 16.783
7.705 23.048 8.000 13.283
1.399 4.676 4.670 1.803
13.056 20.883 5.168 16.207
5.885 8.627 8.454 1.897
9.740 1.714 9.571 15.422
15.266 0.208 21.863 4.259
7.700 22.569 5.510 10.423
4.528 6.038 2.519 0.901
10.404 4.228 1.242 11.317
5.707 10.932 3.057 7.396
3.259 8.350 0.279 16.991
0.841 9.104 9.451 4.378
8.098 23.988 19.866 4.923
2.785 0.684 6.838 17.371
1.127 9.879 11.922 0.257
7.898 11.203 1.784 0.769
7.160 5.586 0.336 1.726
13.318 5.727 3.191 16.851
12.410 11.323 24.417 10.270
24.389 0.078 9.865 4.914
21.557 4.085 5.625 9.131
0.617 6.413 1.456 5.683
1.219 1.820 6.582 2.945
14.212 0.743 4.837 5.684
5.221 6.458 4.919 4.365
11.582 9.366 9.865 1.474
2.662 16.024 1.522 4.230
13.139 17.462 3.052 4.948
13.275 0.353 3.322 1.860
2.535 9.915 2.209 6.802
6.355 20.388 14.895 2.803
1.908 8.921 7.621 10.416
18.910 1.836 18.033 11.255
7.498 15.685 0.053 9.055
5.597 6.093 11.252 0.073
6.753 7.740 8.393 12.847
0.938 5.140 2.584 18.421
7.706 12.323 3.102 12.634
8.313 25.719 16.192 5.759
14.184 6.597 2.234 2.308
13.702 4.050 1.003 7.292
14.677 5.498 0.101 2.346
6.094 0.623 10.371 9.508
8.270 8.304 8.323 17.885
10.097 12.891 14.123 14.315
11.564 12.472 8.571 10.344
17.105 9.630 1.705 1.133
5.492 0.207 4.707 1.407
5.298 6.306 18.950 16.326
9.719 0.036 8.161 6.149
10.620 6.408 11.684 3.523
16.189 4.425 0.096 9.984
2.357 4.069 6.157 14.235
4.579 0.871 30.342 14.945
3.875 3.361 5.299 5.695
0.138 3.742 1.967 3.575
5.195 3.884 4.887 7.085
17.597 7.892 15.250 14.603
9.506 0.862 11.538 8.624
27.206 2.584 6.668 5.961
7.399 9.043 12.349 11.532
7.049 3.125 8.466 1.250
19.561 0.820 2.587 1.476
5.216 7.660 20.966 1.558
2.282 11.611 8.003 11.458
4.936 8.186 0.030 8.586
5.611 22.918 2.778 21.440
23.482 4.072 2.028 0.963
7.246 4.640 8.406 12.197
7.448 15.566 3.030 11.053
4.792 2.455 7.598 1.905
9.217 0.654 10.798 19.273
1.778 2.193 9.401 4.522
10.247 11.131 1.141 6.288
5.113 10.084 5.442 5.216
12.620 2.365 9.576 3.490
4.582 13.612 5.889 16.030
2.203 11.003 0.506 4.242
1.065 15.706 5.817 18.890
11.400 6.764 14.596 5.758
18.436 10.177 12.920 16.770
6.681 0.792 0.112 9.004
5.391 15.826 12.712 13.395
0.272 4.589 8.505 4.569
0.572 8.385 14.871 20.446
0.774 2.937 8.025 7.399
11.691 11.651 22.431 3.915
2.801 1.220 8.013 4.780
0.816 2.336 4.161 18.407
3.217 7.381 21.040 4.053
11.731 0.904 9.611 4.315
4.836 7.772 21.059 18.693
0.407 4.477 15.181 6.513
9.197 3.014 3.426 6.456
20.390 13.894 5.711 19.229
1.405 5.755 12.329 7.545
7.066 6.551 3.856 14.238
0.591 9.419 15.380 0.102
9.269 9.377 14.130 18.914
16.990 5.918 8.100 4.189
3.537 18.209 1.982 2.702
14.411 3.466 14.209 3.076
19.894 8.420 12.124 14.363
5.529 2.317 3.554 20.922
9.094 2.203 1.425 1.316
8.759 5.572 5.195 5.915
7.257 1.831 5.356 12.137
7.968 20.169 0.896 4.189
0.341 3.500 5.779 7.388
9.083 5.055 2.129 14.324
12.055 5.713 11.849 9.470
4.388 1.197 19.687 16.773
1.778 1.385 3.940 5.841
15.328 14.155 5.984 18.903
6.422 3.995 16.655 11.976
15.033 6.269 2.212 11.328
2.721 19.799 1.172 12.692
12.621 6.861 12.575 10.978
18.412 6.446 0.279 12.193
18.356 8.444 5.076 8.310
2.658 14.271 3.273 9.896
11.793 9.225 5.869 25.603
1.046 5.673 3.830 3.519
0.369 15.843 0.741 8.030
11.464 8.463 11.936 5.938
0.345 21.401 3.439 0.175
7.206 11.473 3.887 21.397
9.812 5.589 1.397 17.631
9.740 2.697 11.139 14.371
3.872 3.176 4.471 12.937
5.053 9.954 3.265 9.188
11.710 4.370 9.385 5.400
8.677 7.628 7.638 10.314
3.613 10.639 14.433 16.358
3.207 11.636 11.045 15.607
5.179 2.687 0.987 19.901
1.737 6.265 2.998 5.839
2.776 2.568 1.885 1.763
11.976 9.453 8.983 15.351
6.026 12.360 0.926 10.267
9.408 14.388 4.373 7.927
9.350 3.277 17.839 9.292
6.248 4.874 9.615 6.027
24.625 10.580 2.694 0.749
3.166 0.604 25.081 3.932
4.874 14.601 12.670 5.845
5.290 7.223 9.020 0.189
21.244 2.362 6.140 13.812
13.428 1.066 13.399 5.237
4.127 3.998 1.935 14.324
15.598 11.795 1.224 3.666
0.610 11.627 9.380 4.761
4.305 6.483 26.399 13.334
15.777 3.022 9.605 10.586
1.060 9.404 6.588 10.471
1.256 0.290 5.802 9.154
12.675 0.041 7.719 4.191
5.531 0.148 2.821 3.860
12.580 5.111 0.354 6.372
2.038 7.656 3.857 7.154
16.501 5.051 4.230 17.112
6.780 8.694 4.077 6.943
2.744 11.789 0.917 2.317
20.864 5.400 2.296 25.260
2.932 11.721 8.344 5.200
9.993 2.905 3.655 3.971
12.331 0.558 9.917 7.754
1.851 0.505 5.223 1.662
4.275 2.404 15.147 2.929
3.331 1.642 0.504 8.006
17.525 11.948 5.395 1.424
2.043 15.821 5.887 24.146
8.334 16.886 3.976 2.316
10.651 14.826 0.973 5.712
8.000 6.445 2.223 16.925
5.478 6.248 11.954 0.728
18.741 7.615 7.941 10.005
6.366 11.046 0.672 1.634
4.745 6.087 0.304 12.303
16.472 3.215 5.593 0.240
4.336 6.647 9.110 0.193
16.595 3.811 13.892 14.054
5.562 22.774 7.382 8.317
0.558 9.006 10.012 0.801
1.988 15.493 4.584 0.717
30.557 1.465 4.065 6.016
18.887 9.110 10.636 4.124
16.343 7.067 11.517 1.573
4.022 20.367 9.626 2.349
5.050 6.444 5.227 11.020
2.914 15.019 0.780 8.945
5.500 9.960 12.881 9.793
10.050 20.025 3.431 12.340
2.358 20.127 5.344 7.223
5.584 9.461 13.422 5.292
0.302 23.758 7.418 13.588
9.702 2.197 0.772 6.043
2.806 14.409 6.546 17.954
22.450 7.127 2.397 5.192
8.470 4.029 1.593 3.293
8.300 10.917 10.553 0.918
2.782 12.045 0.621 2.221
9.247 13.487 3.211 0.792
5.438 12.943 10.600 1.325
4.646 19.962 14.285 2.920
1.818 2.071 9.594 8.902
6.033 6.167 1.907 0.634
5.841 0.582 11.811 2.558
13.837 1.830 10.058 2.660
1.326 2.461 0.937 16.061
0.476 16.285 3.466 4.322
7.326 6.741 5.109 1.192
12.147 6.956 15.848 21.975
4.407 14.740 2.882 11.844
6.030 19.257 4.815 6.363
10.119 3.159 6.549 7.618
2.061 6.272 1.184 2.770
0.539 10.068 4.780 4.965
3.281 7.825 7.639 24.202
13.184 5.285 0.191 3.981
5.147 5.808 24.493 9.103
9.356 13.535 0.177 10.152
8.812 6.203 14.876 2.317
6.168 6.306 13.319 13.106
1.481 5.752 8.676 3.132
4.753 2.888 0.731 16.350
10.354 20.622 2.249 20.702
5.514 7.076 21.119 7.970
12.417 2.227 5.109 10.507
5.664 8.782 8.308 0.796
6.151 6.077 3.807 5.926
7.317 3.658 0.059 16.546
19.133 9.848 9.381 4.096
7.426 3.861 0.856 8.236
5.006 6.657 0.086 15.011
4.758 0.597 16.044 27.478
5.198 3.004 7.268 18.265
0.081 8.961 13.493 6.769
1.339 11.089 14.603 15.764
2.739 5.306 6.712 2.751
3.540 3.878 2.125 10.087
2.398 5.982 5.422 13.540
8.157 5.039 9.956 4.927
0.896 6.102 17.961 18.330
8.847 15.255 2.336 12.763
6.436 12.809 8.359 5.183
13.510 18.576 6.132 18.024
6.362 19.239 1.653 7.894
0.707 3.438 0.963 17.077
0.293 15.645 20.806 15.169
6.296 8.701 8.881 7.814
11.742 11.654 2.860 9.510
5.858 2.734 12.447 0.528
2.178 9.987 5.146 6.982
4.664 11.545 6.369 1.973
17.416 13.366 13.328 14.683
14.528 7.840 3.452 7.473
2.567 12.442 7.709 18.340
12.911 8.910 6.244 2.270
9.394 5.460 4.711 5.234
5.060 13.070 19.318 13.318
3.340 5.226 6.221 8.475
8.830 10.094 5.364 1.119
2.272 4.547 11.588 4.513
7.277 13.612 7.981 0.032
21.299 8.186 1.505 16.917
7.984 0.773 3.813 2.275
4.978 10.092 22.506 0.169
6.772 4.329 1.348 5.943
3.613 2.957 11.015 2.760
2.415 7.753 17.030 31.867
9.341 13.577 7.165 1.257
13.929 5.930 1.775 10.070
7.145 12.805 7.559 25.095
1.781 1.587 9.336 3.810
13.787 13.749 0.783 10.443
3.975 9.810 2.533 9.542
4.669 11.808 1.151 11.140
5.528 14.001 8.374 0.192
10.349 2.499 3.283 11.340
7.569 6.477 9.810 13.331
11.797 14.932 8.632 5.444
2.936 5.101 4.119 19.546
17.041 3.342 2.044 2.295
12.734 0.264 18.497 0.461
14.536 7.433 12.970 9.259
6.421 11.399 26.849 21.851
10.947 7.242 7.870 11.624
14.694 2.273 1.170 7.330
6.552 0.197 5.155 0.426
8.365 1.713 9.175 12.509
22.380 23.511 4.025 8.307
5.466 5.781 2.841 18.325
11.666 17.338 14.814 1.997
5.320 6.301 1.130 3.337
14.539 15.428 0.972 3.828
17.827 2.469 0.079 2.153
1.126 2.548 25.436 18.568
18.648 6.146 13.087 2.250
4.214 8.827 3.222 20.972
0.190 6.803 18.216 8.387
13.805 10.705 11.988 5.472
8.361 0.866 8.138 9.231
10.716 7.934 4.899 5.360
10.807 8.056 5.212 2.065
12.838 0.685 13.658 4.183
0.874 11.792 13.624 3.106
7.355 14.041 11.974 4.535
25.473 11.003 8.763 9.143
1.200 4.579 7.796 0.869
9.694 4.331 6.640 13.733
3.949 2.031 16.227 9.308
6.353 17.526 9.743 4.622
2.713 7.741 0.229 0.117
3.154 11.082 8.663 1.814
6.585 6.640 0.788 0.234
2.745 1.541 8.295 6.538
9.581 7.199 9.462 5.948
8.685 5.343 23.837 5.005
7.362 6.278 4.670 7.742
4.371 7.241 16.755 2.345
7.742 8.407 11.904 11.312
3.968 6.611 0.608 12.498
15.355 22.365 4.101 1.713
5.633 4.048 9.742 14.621
11.356 1.847 6.261 10.120
14.887 10.671 3.067 1.486
16.722 4.415 13.652 7.837
5.927 2.108 3.326 9.348
2.881 7.073 2.474 3.880
9.290 7.824 1.061 19.034
0.683 2.692 19.062 3.318
6.338 16.424 13.045 12.694
3.594 1.006 9.260 4.888
2.268 12.643 2.258 12.756
7.053 11.648 8.769 7.715
17.661 0.765 6.857 11.221
6.379 1.372 2.420 5.232
12.603 5.724 11.748 2.175
9.691 1.529 6.578 13.043
18.838 4.006 11.968 1.516
12.711 0.782 6.968 16.665
12.148 1.719 5.571 7.595
7.914 17.841 10.699 8.260
6.729 2.192 18.464 3.195
0.314 4.084 2.918 19.950
10.857 10.150 6.371 11.640
4.821 5.498 2.156 4.127
3.133 2.245 4.853 2.236
7.347 10.645 5.655 6.318
21.879 4.912 1.637 13.183
2.795 0.097 10.451 8.409
7.220 14.323 0.366 9.806
7.269 1.100 22.229 0.716
19.464 17.095 4.379 7.070
5.955 9.869 10.344 0.621
12.103 1.377 1.867 7.835
1.807 2.742 8.115 13.430
2.265 14.043 12.537 5.038
5.378 11.649 12.295 2.777
6.478 6.940 8.696 0.678
3.445 3.035 0.889 11.255
7.079 6.693 8.277 15.739
8.601 17.878 7.764 10.723
9.095 6.474 9.785 3.933
15.316 4.804 19.084 15.154
1.637 7.054 1.174 9.227
2.231 18.092 8.423 3.288
1.583 17.511 1.798 3.293
16.003 7.252 9.192 6.488
4.824 4.832 3.288 4.361
14.391 9.431 22.563 0.271
3.545 0.602 12.966 13.811
0.664 0.657 7.425 4.874
7.438 0.578 0.873 24.183
8.953 16.639 1.434 4.949
11.225 15.647 15.816 0.818
4.312 0.818 4.396 0.941
6.674 15.292 13.315 1.462
1.373 6.883 1.460 3.653
8.223 6.249 11.187 5.652
6.272 8.750 3.311 8.349
6.383 9.085 13.576 6.648
14.768 5.599 3.620 4.081
2.182 11.728 1.202 5.690
0.821 3.699 2.461 13.097
4.559 9.739 4.490 5.653
12.404 1.723 12.109 4.965
1.696 26.347 1.556 3.837
13.413 9.237 7.716 10.173
3.004 10.780 8.896 6.882
10.710 8.039 18.888 5.938
4.649 3.046 7.504 13.408
19.254 0.084 11.966 4.982
17.962 0.242 4.251 16.893
2.930 0.922 27.044 3.442
3.900 3.995 11.434 3.145
16.923 1.250 16.959 4.842
2.303 2.923 11.089 1.196
2.095 10.984 8.289 15.780
1.853 12.141 6.449 3.440
5.267 5.404 1.853 16.574
6.695 10.370 8.846 14.424
8.908 0.976 9.199 10.016
12.677 2.208 3.144 10.628
4.565 5.441 15.501 12.135
8.654 0.207 16.189 8.182
4.147 17.989 10.950 7.228
3.568 13.996 15.780 20.906
3.513 10.372 12.675 6.025
9.584 9.555 7.764 20.576
14.809 4.477 2.404 2.509
2.367 2.627 4.414 15.219
9.658 13.128 9.529 5.678
6.119 14.278 0.908 16.305
1.802 12.329 2.069 1.852
13.275 9.393 16.057 1.108
21.724 11.291 2.707 1.956
2.301 8.567 1.336 7.042
5.065 4.872 4.031 6.569
2.970 7.796 3.259 1.993
6.850 12.453 9.845 1.275
9.021 2.810 7.262 9.392
11.524 9.309 9.867 8.424
7.618 11.201 12.185 2.309
2.990 13.641 6.387 10.032
9.828 4.214 9.353 3.176
6.878 18.678 12.341 5.491
9.725 4.939 12.987 0.193
21.156 1.821 6.935 7.944
7.064 9.926 8.790 3.068
20.938 2.094 3.398 12.102
2.890 13.133 7.545 8.817
13.642 11.274 8.480 0.700
5.794 10.369 10.562 25.984
1.954 14.306 1.169 2.286
7.062 18.850 12.176 19.052
11.325 15.101 1.644 5.141
20.283 6.613 4.014 16.358
8.109 12.725 3.112 7.110
5.469 10.500 3.926 1.733
3.152 1.864 16.904 1.597
21.119 4.324 8.987 12.361
1.933 4.640 9.821 1.604
4.973 5.346 0.286 9.208
10.871 1.933 5.840 4.193
11.046 5.687 11.055 22.951
6.387 5.475 5.954 10.734
14.482 1.026 12.575 9.513
0.922 15.424 3.947 3.974
2.245 4.189 7.601 4.089
10.130 15.457 0.392 20.201
0.355 13.412 11.471 17.989
12.792 7.059 0.838 0.130
13.504 8.321 16.100 6.809
10.383 18.128 2.756 1.086
0.491 5.620 15.220 6.779
10.878 11.205 1.221 0.924
5.598 6.229 8.887 6.075
10.109 10.370 5.923 3.207
0.465 3.797 0.071 6.534
9.792 21.356 3.045 13.633
12.415 12.786 11.028 14.510
7.229 0.609 3.754 2.462
7.889 0.210 4.102 3.726
5.851 6.177 11.803 3.134
16.118 0.209 5.013 1.287
8.824 7.494 7.824 1.403
4.762 3.180 5.289 16.006
23.115 4.594 5.261 8.883
2.750 3.841 2.298 10.674
6.203 3.611 10.359 4.556
8.454 12.206 1.206 9.050
2.595 3.919 14.506 25.143
17.811 3.599 1.341 5.243
9.621 5.980 9.409 9.327
3.240 2.761 2.652 10.723
7.630 16.090 5.249 2.687
5.649 9.841 2.782 1.505
8.700 2.031 7.899 5.807
11.326 11.956 2.201 4.045
6.976 15.157 11.676 9.763
2.013 3.984 18.452 19.180
6.742 0.994 9.389 0.404
10.719 2.004 5.001 26.234
5.678 0.454 18.365 6.247
4.291 1.440 17.926 1.753
7.816 3.850 12.872 3.542
9.229 6.091 1.757 3.418
6.754 7.495 3.252 9.802
11.307 11.406 5.232 15.565
2.950 1.896 4.099 2.130
5.901 12.350 11.117 3.450
0.477 4.568 5.383 4.897
0.096 7.339 8.327 4.873
13.026 15.159 9.447 2.331
19.545 11.782 4.194 0.067
17.882 3.892 1.651 5.874
7.122 4.274 14.337 5.620
10.049 8.488 10.310 1.242
3.682 9.896 4.358 10.474
24.212 9.777 29.790 3.514
6.142 1.068 9.279 2.075
1.355 4.313 8.411 7.995
2.771 15.091 7.250 1.987
8.296 1.148 3.628 4.546
3.367 8.998 4.692 0.455
6.390 15.699 9.310 7.214
4.549 4.604 3.052 4.154
5.750 4.714 25.554 12.138
5.611 6.379 6.344 7.958
9.720 14.176 3.618 2.716
5.406 1.634 0.278 2.403
4.585 6.923 13.842 15.254
1.336 8.276 18.166 7.782
6.251 7.501 5.747 12.058
6.807 0.173 5.381 0.754
7.846 17.026 33.094 15.915
8.735 16.103 4.995 4.202
16.894 6.205 1.398 4.366
6.054 3.349 0.678 16.262
12.346 0.992 5.694 8.386
6.449 11.285 20.337 16.080
9.612 7.586 10.566 15.041
3.150 1.618 6.933 4.195
18.719 16.867 5.021 8.040
5.789 0.849 7.134 17.856
9.918 1.049 23.924 3.207
5.935 10.188 9.051 2.322
8.098 3.936 3.362 12.957
0.791 4.918 16.155 3.016
19.199 4.595 12.745 3.541
14.406 5.687 4.153 10.465
3.599 10.260 1.566 17.983
4.709 0.310 2.269 22.800
5.491 6.881 6.807 4.124
7.197 7.401 7.272 2.881
5.936 6.572 0.470 10.714
17.930 9.311 10.105 6.661
4.653 3.655 0.267 8.711
5.889 3.147 30.623 6.952
4.196 8.765 5.051 4.454
4.787 9.524 12.294 14.474
2.046 9.163 2.749 4.759
3.425 1.442 3.943 15.480
9.818 8.990 9.631 0.894
2.130 6.644 22.281 0.380
4.064 10.194 3.449 4.662
12.687 0.224 7.003 16.079
7.249 1.895 8.213 6.377
19.319 13.547 13.197 6.356
1.178 5.798 13.450 6.878
6.751 2.121 28.034 8.977
20.102 1.925 8.277 0.169
3.953 6.888 0.371 6.845
9.771 1.240 8.569 7.230
4.603 5.203 9.775 7.784
6.338 6.978 13.647 0.016
2.956 5.077 5.228 12.911
6.946 11.423 15.567 1.890
8.847 1.419 7.976 9.208
0.390 1.709 11.464 9.299
7.732 10.082 12.597 6.568
23.143 1.409 0.748 0.095
7.330 7.868 9.015 7.041
11.644 0.205 10.944 1.322
3.121 12.930 18.892 3.177
5.505 0.060 2.482 14.002
16.119 6.459 4.723 12.068
5.496 0.355 1.718 3.810
9.710 8.222 21.103 5.548
1.841 2.410 17.289 9.039
1.995 11.244 12.709 23.309
9.524 7.425 1.075 10.436
0.281 17.136 2.350 18.235
6.693 8.319 1.803 4.527
4.819 6.244 11.092 7.338
24.925 4.900 6.703 0.860
7.775 5.798 3.636 5.886
1.214 14.992 12.324 19.912
4.651 10.661 15.545 9.765
4.198 4.118 12.067 6.975
17.781 0.867 4.353 5.497
7.672 8.638 13.535 3.088
14.231 18.777 8.758 12.288
1.480 4.503 12.461 18.007
17.841 8.366 21.584 13.471
1.721 7.462 20.599 26.102
5.696 16.281 15.739 15.130
15.418 2.441 4.466 12.696
21.560 1.308 3.738 6.669
26.364 24.236 1.913 14.160
15.798 7.609 7.721 13.072
14.110 19.199 2.433 6.605
9.571 8.893 8.504 9.062
4.711 9.493 3.822 0.789
0.621 11.079 10.385 8.598
6.239 8.300 9.572 8.033
2.278 1.196 3.687 6.775
8.286 1.996 10.618 16.136
9.500 13.244 3.857 8.943
11.722 5.614 14.537 2.812
19.805 6.548 7.528 22.708
5.833 6.176 9.595 2.781
2.845 17.642 4.782 12.900
6.275 2.146 5.990 8.042
19.920 5.349 7.934 4.404
10.221 0.460 13.700 0.586
0.169 13.454 1.658 1.479
17.011 0.032 5.241 7.435
3.593 3.103 6.405 3.298
12.133 17.786 2.769 29.577
3.512 6.513 8.662 16.360
6.621 3.187 13.566 2.406
1.736 4.854 0.214 9.628
5.530 8.599 13.835 13.762
14.229 6.609 15.839 9.771
1.040 9.605 1.220 7.006
1.983 5.940 15.254 4.684
8.140 4.047 4.370 0.946
9.800 1.978 4.128 7.362
1.595 2.894 4.883 9.224
10.279 1.914 0.507 13.032
10.272 1.202 2.846 17.295
10.759 1.353 3.005 0.155
13.985 2.372 1.192 9.449
3.594 26.050 4.002 14.143
0.947 5.401 0.758 14.160
0.523 5.592 2.058 8.446
6.422 0.047 20.763 0.332
10.077 3.523 15.752 5.693
5.504 0.073 8.691 17.303
4.536 0.853 14.397 1.658
5.983 3.823 4.290 3.728
8.285 8.901 7.950 0.205
1.783 10.067 16.329 19.129
6.081 3.001 7.576 9.998
4.793 3.691 0.304 5.318
4.215 16.256 7.280 2.810
3.725 12.439 0.374 2.217
12.158 12.721 4.166 8.891
4.634 8.075 1.017 11.033
19.879 8.872 3.139 5.165
12.868 8.067 10.428 10.114
11.003 6.508 4.922 5.594
5.775 18.430 7.808 3.742
13.323 29.508 0.405 10.438
6.922 9.109 7.865 13.791
8.711 3.420 10.719 3.026
27.023 11.680 5.587 1.795
1.560 23.487 10.818 14.142
14.316 2.962 12.894 13.193
23.033 5.250 10.764 1.526
5.899 2.610 10.003 5.819
3.827 24.256 12.270 1.136
15.336 6.856 20.305 8.572
7.294 13.059 4.803 20.833
3.069 7.980 14.085 1.135
17.582 8.307 7.836 7.578
0.318 1.043 0.961 9.866
0.362 0.345 10.878 1.802
8.499 3.049 6.085 14.849
18.116 9.863 4.176 8.645
0.456 2.866 11.502 11.797
4.667 17.378 10.616 17.150
7.452 1.567 7.933 7.092
12.641 12.788 4.938 2.192
11.793 3.898 1.997 4.119
0.444 1.672 3.930 7.815
2.512 0.945 2.689 13.389
15.713 19.809 5.596 7.116
10.491 5.898 5.949 7.476
6.051 23.944 6.710 14.649
21.985 0.700 18.231 26.288
7.839 12.887 18.495 0.522
8.477 12.486 11.332 0.424
27.070 6.116 9.010 4.125
14.814 3.564 7.429 2.917
11.005 1.412 12.507 21.348
16.725 3.587 4.993 2.244
11.274 11.995 3.973 0.861
4.537 20.932 13.689 11.444
15.678 10.793 2.830 1.768
2.349 2.786 9.784 15.639
6.267 15.152 14.342 5.130
1.240 19.024 13.159 4.157
13.068 18.680 6.365 9.637
5.995 5.790 7.591 7.910
20.829 9.487 6.414 12.876
16.996 15.227 0.173 17.322
13.268 7.675 10.254 3.986
9.219 2.328 14.707 2.198
3.202 4.620 20.045 2.435
13.173 13.034 2.444 3.732
9.333 1.362 12.878 1.119
7.639 7.439 17.415 5.795
8.240 4.908 15.966 6.017
5.243 3.430 2.696 12.719
2.842 22.808 6.664 4.710
8.117 7.452 11.205 12.576
6.813 6.778 0.000 13.959
2.525 4.221 1.651 1.501
6.662 6.867 14.298 3.721
29.962 18.612 7.043 5.143
9.354 19.271 7.480 0.186
22.376 3.877 16.211 14.326
0.497 12.026 9.389 0.425
13.440 11.502 8.860 8.781
16.821 14.882 6.234 5.719
4.539 12.538 6.191 12.447
14.244 12.193 5.046 6.147
1.019 5.782 2.668 0.331
0.143 7.058 8.304 1.107
7.635 2.554 1.430 13.501
11.706 7.225 20.220 0.465
18.724 7.044 3.269 10.279
3.255 15.703 13.092 0.812
7.055 0.521 2.787 11.540
1.660 1.071 3.590 4.710
11.495 2.757 12.910 14.774
12.240 0.272 13.527 10.846
2.833 17.683 24.684 3.538
3.186 3.402 8.788 5.369
1.654 14.257 14.096 4.375
9.274 0.507 11.800 10.533
7.214 6.342 2.115 1.243
0.505 7.678 4.121 9.379
11.041 6.333 4.427 4.434
17.874 23.400 4.874 0.311
16.786 0.988 8.410 3.999
8.257 7.470 14.852 9.670
1.602 14.078 4.548 17.575
1.892 13.558 25.402 5.695
13.741 5.336 11.189 14.672
9.902 0.363 11.457 3.728
4.908 0.489 17.863 0.526
8.062 6.749 10.479 1.044
17.452 6.530 17.409 6.981
5.176 11.787 19.527 1.786
3.696 14.737 4.353 0.578
1.183 20.534 13.976 1.678
8.410 2.089 0.603 5.380
7.561 1.335 2.283 15.434
1.372 15.130 5.690 13.459
14.228 9.972 7.682 0.693
4.579 12.921 5.113 19.622
7.038 3.950 7.425 15.213
10.415 3.049 3.457 13.893
12.349 9.299 6.016 9.891
1.325 12.860 14.609 4.301
6.384 15.313 25.173 14.727
9.820 1.118 1.823 6.196
16.025 3.710 8.453 9.574
1.609 6.767 1.927 1.465
0.600 2.209 12.260 5.854
3.888 14.928 4.889 11.046
4.937 7.377 5.838 10.502
9.578 2.202 2.835 7.801
23.548 6.291 15.748 7.347
10.313 10.630 9.081 7.962
11.164 7.053 14.643 7.076
10.553 6.314 4.045 2.029
11.541 6.883 6.596 8.990
1.868 0.536 10.768 8.087
4.246 17.283 9.074 3.181
4.800 4.305 3.766 0.704
0.699 4.242 1.799 7.058
2.685 5.583 0.307 8.182
17.976 8.442 5.790 2.856
12.346 1.481 5.025 5.070
0.404 3.833 10.218 2.475
5.260 3.240 14.652 7.027
0.393 13.044 14.429 7.427
5.473 15.554 1.514 8.768
10.588 8.377 7.536 7.891
1.514 5.684 3.452 5.381
0.599 0.515 11.955 15.724
22.475 10.595 8.437 13.307
11.064 3.673 2.906 2.614
2.335 12.423 11.489 8.652
4.386 1.126 2.234 1.659
5.560 4.811 0.222 13.319
11.469 3.368 19.519 4.862
6.941 14.650 4.842 36.265
2.278 10.569 4.376 8.609
3.490 13.995 6.455 8.579
19.507 10.920 13.595 11.713
12.759 11.489 12.322 4.714
2.969 9.782 4.504 0.258
23.706 3.550 9.730 9.234
5.616 3.595 5.173 7.260
4.216 25.024 18.179 5.380
5.685 1.451 7.674 1.249
20.889 5.816 5.335 4.543
6.243 17.302 14.933 6.589
4.910 19.431 0.250 18.808
7.271 8.455 1.325 3.244
7.986 3.641 5.606 2.639
4.246 26.307 4.722 17.263
11.472 1.770 3.431 2.859
25.207 2.184 10.940 0.883
5.200 8.398 5.247 7.635
8.892 2.693 2.247 8.618
3.160 4.238 1.202 15.472
4.044 6.773 4.120 9.721
1.705 4.945 3.389 7.025
11.184 4.943 10.527 2.941
7.003 10.025 12.683 12.228
2.224 16.756 4.127 16.303
0.366 3.140 1.650 13.654
10.699 1.984 2.260 3.755
3.698 9.966 8.289 4.823
5.605 12.891 1.901 11.479
3.309 6.062 17.178 6.832
2.863 0.505 7.829 15.103
1.883 13.450 8.015 4.405
11.791 10.438 0.540 16.865
4.658 1.738 5.473 12.678
7.183 5.590 7.634 4.266
9.090 8.376 20.039 6.979
20.563 9.879 6.726 2.306
10.610 14.904 8.758 6.524
0.410 5.739 0.601 4.439
7.383 16.623 21.336 10.047
10.300 11.794 4.287 1.391
12.936 15.506 5.557 12.162
0.859 11.196 1.696 1.848
9.527 14.058 13.751 27.731
2.570 8.993 3.858 4.028
5.837 11.749 2.104 32.715
6.471 13.294 3.986 8.351
11.310 6.819 14.586 1.721
0.345 6.876 1.346 12.334
10.365 4.804 27.350 18.667
19.524 9.515 9.620 10.015
15.656 8.235 1.590 6.526
1.517 5.516 4.705 5.343
4.908 16.637 7.570 2.423
23.377 4.242 2.537 6.902
9.522 5.555 7.088 8.888
4.322 3.431 0.881 6.686
2.828 4.509 17.164 17.623
13.164 13.562 10.856 4.310
1.330 6.150 8.101 14.084
11.167 9.818 5.974 0.126
0.993 13.971 5.562 12.064
5.945 10.881 0.227 5.930
5.999 14.966 24.282 8.155
10.837 5.930 4.248 18.048
3.344 11.868 9.386 5.876
7.379 5.181 8.655 10.283
19.672 2.000 3.846 12.755
10.635 4.791 14.632 4.967
9.725 7.962 15.602 7.657
6.849 5.012 7.496 4.963
3.699 5.971 7.606 1.963
6.323 5.646 10.579 7.317
12.977 11.867 8.911 3.859
2.610 2.181 12.380 3.300
9.693 2.304 17.674 4.885
15.379 7.685 2.692 8.666
8.704 11.582 0.768 1.800
10.723 6.649 0.226 6.600
18.160 1.290 12.276 0.749
0.239 7.323 19.402 0.703
3.320 6.818 10.874 5.286
6.399 11.964 5.755 5.969
12.516 6.066 1.321 2.495
10.590 0.490 3.915 7.026
1.059 6.037 1.579 3.410
3.212 5.382 2.673 5.189
9.501 6.350 17.924 11.400
3.013 9.134 1.870 3.875
11.847 14.270 13.197 5.008
14.026 2.458 9.277 6.642
21.856 7.557 18.003 23.059
16.269 6.331 5.948 0.453
3.173 0.931 22.422 14.664
3.000 0.706 5.679 0.287
2.176 1.429 3.420 7.327
2.406 2.652 6.404 0.802
8.902 0.505 15.378 6.902
1.077 2.528 20.443 22.015
0.786 9.485 13.148 1.538
12.035 6.986 0.786 6.323
1.486 1.948 24.671 14.832
5.419 19.922 0.949 4.383
6.569 8.444 10.696 2.888
0.860 1.347 0.358 2.178
10.771 16.678 3.924 7.318
12.788 1.021 10.865 3.912
4.158 14.874 20.482 0.411
1.001 8.994 8.009 4.171
2.183 15.095 17.377 6.300
3.458 3.857 16.917 16.411